Protocol Version #Servers #Readers #Writers #Q RInt WInt RTot1Comm RTot2Comm RAve2comm RRatio RPercentage RAveTime WTot1Comm WTot2Comm WAve2comm WRatio WPercentage WAveTime
SIMPLE randInt 10 10 10 10 2.3 4 0 1250 250.0000 1.0000 100.00 2.4742 0 1250 250.0000 1.0000 100.00 2.5275
SIMPLE randInt 10 20 10 10 2.3 4 0 2500 500.0000 1.0000 100.00 2.4741 0 1250 250.0000 1.0000 100.00 2.4748
SIMPLE randInt 10 40 10 10 2.3 4 0 5000 1000.0000 1.0000 100.00 2.4866 0 1250 250.0000 1.0000 100.00 2.5155
SIMPLE randInt 10 80 10 10 2.3 4 0 10000 2000.0000 1.0000 100.00 2.5318 0 1250 250.0000 1.0000 100.00 2.5753
SIMPLE randInt 10 10 20 10 2.3 4 0 1250 250.0000 1.0000 100.00 2.4693 0 2500 500.0000 1.0000 100.00 2.4956
SIMPLE randInt 10 20 20 10 2.3 4 0 2500 500.0000 1.0000 100.00 2.4924 0 2500 500.0000 1.0000 100.00 2.5008
SIMPLE randInt 10 40 20 10 2.3 4 0 5000 1000.0000 1.0000 100.00 2.4752 0 2500 500.0000 1.0000 100.00 2.4768
SIMPLE randInt 10 80 20 10 2.3 4 0 10000 2000.0000 1.0000 100.00 2.4895 0 2500 500.0000 1.0000 100.00 2.4726
SIMPLE randInt 10 10 40 10 2.3 4 0 1250 250.0000 1.0000 100.00 2.4961 0 5000 1000.0000 1.0000 100.00 2.5226
SIMPLE randInt 10 20 40 10 2.3 4 0 2500 500.0000 1.0000 100.00 2.4664 0 5000 1000.0000 1.0000 100.00 2.4822
SIMPLE randInt 10 40 40 10 2.3 4 0 5000 1000.0000 1.0000 100.00 2.4829 0 5000 1000.0000 1.0000 100.00 2.5423
SIMPLE randInt 10 80 40 10 2.3 4 0 10000 2000.0000 1.0000 100.00 2.4975 0 5000 1000.0000 1.0000 100.00 2.5344
SIMPLE randInt 10 10 80 10 2.3 4 0 1250 250.0000 1.0000 100.00 2.5189 0 10000 2000.0000 1.0000 100.00 2.5606
SIMPLE randInt 10 20 80 10 2.3 4 0 2500 500.0000 1.0000 100.00 2.4705 0 10000 2000.0000 1.0000 100.00 2.4749
SIMPLE randInt 10 40 80 10 2.3 4 0 5000 1000.0000 1.0000 100.00 2.4756 0 10000 2000.0000 1.0000 100.00 2.4718
SIMPLE randInt 10 80 80 10 2.3 4 0 10000 2000.0000 1.0000 100.00 2.4706 0 10000 2000.0000 1.0000 100.00 2.4922
CWFR randInt 10 10 10 10 2.3 4 952 298 59.6000 .2384 23.84 1.5949 0 1250 250.0000 1.0000 100.00 2.5101
CWFR randInt 10 20 10 10 2.3 4 1850 650 130.0000 .2600 26.00 1.6370 0 1250 250.0000 1.0000 100.00 2.5651
CWFR randInt 10 40 10 10 2.3 4 3729 1271 254.2000 .2542 25.42 1.6436 0 1250 250.0000 1.0000 100.00 2.5369
CWFR randInt 10 80 10 10 2.3 4 7451 2549 509.8000 .2549 25.49 1.6521 0 1250 250.0000 1.0000 100.00 2.5485
CWFR randInt 10 10 20 10 2.3 4 894 356 71.2000 .2848 28.48 1.6633 0 2500 500.0000 1.0000 100.00 2.4768
CWFR randInt 10 20 20 10 2.3 4 1844 656 131.2000 .2624 26.24 1.6579 0 2500 500.0000 1.0000 100.00 2.4708
CWFR randInt 10 40 20 10 2.3 4 3723 1277 255.4000 .2554 25.54 1.6337 0 2500 500.0000 1.0000 100.00 2.4888
CWFR randInt 10 80 20 10 2.3 4 7359 2641 528.2000 .2641 26.41 1.6486 0 2500 500.0000 1.0000 100.00 2.4858
CWFR randInt 10 10 40 10 2.3 4 1002 248 49.6000 .1984 19.84 1.5813 0 5000 1000.0000 1.0000 100.00 2.5092
CWFR randInt 10 20 40 10 2.3 4 1927 573 114.6000 .2292 22.92 1.6005 0 5000 1000.0000 1.0000 100.00 2.4863
CWFR randInt 10 40 40 10 2.3 4 3902 1098 219.6000 .2196 21.96 1.6132 0 5000 1000.0000 1.0000 100.00 2.5221
CWFR randInt 10 80 40 10 2.3 4 7743 2257 451.4000 .2257 22.57 1.6079 0 5000 1000.0000 1.0000 100.00 2.5291
CWFR randInt 10 10 80 10 2.3 4 1077 173 34.6000 .1384 13.84 1.5135 0 10000 2000.0000 1.0000 100.00 2.4927
CWFR randInt 10 20 80 10 2.3 4 2086 414 82.8000 .1656 16.56 1.5523 0 10000 2000.0000 1.0000 100.00 2.4846
CWFR randInt 10 40 80 10 2.3 4 4228 772 154.4000 .1544 15.44 1.5316 0 10000 2000.0000 1.0000 100.00 2.4874
CWFR randInt 10 80 80 10 2.3 4 8366 1634 326.8000 .1634 16.34 1.5294 0 10000 2000.0000 1.0000 100.00 2.4847
SSO_APRX randInt 10 10 10 10 2.3 4 928 322 64.4000 .2576 25.76 1.6539 477 773 154.6000 .6184 61.84 2.0517
SSO_APRX randInt 10 20 10 10 2.3 4 1818 682 136.4000 .2728 27.28 1.6786 493 757 151.4000 .6056 60.56 2.1013
SSO_APRX randInt 10 40 10 10 2.3 4 3711 1289 257.8000 .2578 25.78 1.6737 451 799 159.8000 .6392 63.92 2.1474
SSO_APRX randInt 10 80 10 10 2.3 4 7212 2788 557.6000 .2788 27.88 1.6728 425 825 165.0000 .6600 66.00 2.1056
SSO_APRX randInt 10 10 20 10 2.3 4 796 454 90.8000 .3632 36.32 1.7951 279 2221 444.2000 .8884 88.84 2.4200
SSO_APRX randInt 10 20 20 10 2.3 4 1574 926 185.2000 .3704 37.04 1.7893 267 2233 446.6000 .8932 89.32 2.3957
SSO_APRX randInt 10 40 20 10 2.3 4 3167 1833 366.6000 .3666 36.66 1.7764 309 2191 438.2000 .8764 87.64 2.3558
SSO_APRX randInt 10 80 20 10 2.3 4 6237 3763 752.6000 .3763 37.63 1.8161 265 2235 447.0000 .8940 89.40 2.3687
SSO_APRX randInt 10 10 40 10 2.3 4 680 570 114.0000 .4560 45.60 1.9192 78 4922 984.4000 .9844 98.44 2.5160
SSO_APRX randInt 10 20 40 10 2.3 4 1327 1173 234.6000 .4692 46.92 1.9160 75 4925 985.0000 .9850 98.50 2.4719
SSO_APRX randInt 10 40 40 10 2.3 4 2704 2296 459.2000 .4592 45.92 1.9307 82 4918 983.6000 .9836 98.36 2.5186
SSO_APRX randInt 10 80 40 10 2.3 4 5513 4487 897.4000 .4487 44.87 1.8988 89 4911 982.2000 .9822 98.22 2.4715
SSO_APRX randInt 10 10 80 10 2.3 4 490 760 152.0000 .6080 60.80 2.1096 38 9962 1992.4000 .9962 99.62 2.5070
SSO_APRX randInt 10 20 80 10 2.3 4 1041 1459 291.8000 .5836 58.36 2.1021 37 9963 1992.6000 .9963 99.63 2.4998
SSO_APRX randInt 10 40 80 10 2.3 4 2011 2989 597.8000 .5978 59.78 2.1056 39 9961 1992.2000 .9961 99.61 2.4881
SSO_APRX randInt 10 80 80 10 2.3 4 4138 5862 1172.4000 .5862 58.62 2.1214 38 9962 1992.4000 .9962 99.62 2.5420
