Protocol Version #Servers #Readers #Writers #Q RInt WInt RTot1Comm RTot2Comm RAve2comm RRatio RPercentage RAveTime WTot1Comm WTot2Comm WAve2comm WRatio WPercentage WAveTime
SIMPLE randInt 25 10 10 25 2.3 4 0 1250 250.0000 1.0000 100.00 2.9182 0 1250 250.0000 1.0000 100.00 2.9292
SIMPLE randInt 25 20 10 25 2.3 4 0 2500 500.0000 1.0000 100.00 2.9392 0 1250 250.0000 1.0000 100.00 2.9695
SIMPLE randInt 25 40 10 25 2.3 4 0 5000 1000.0000 1.0000 100.00 2.9343 0 1250 250.0000 1.0000 100.00 2.9600
SIMPLE randInt 25 80 10 25 2.3 4 0 10000 2000.0000 1.0000 100.00 2.9501 0 1250 250.0000 1.0000 100.00 2.9909
SIMPLE randInt 25 10 20 25 2.3 4 0 1250 250.0000 1.0000 100.00 2.9261 0 2500 500.0000 1.0000 100.00 2.9617
SIMPLE randInt 25 20 20 25 2.3 4 0 2500 500.0000 1.0000 100.00 2.9300 0 2500 500.0000 1.0000 100.00 2.9534
SIMPLE randInt 25 40 20 25 2.3 4 0 5000 1000.0000 1.0000 100.00 2.9177 0 2500 500.0000 1.0000 100.00 2.9521
SIMPLE randInt 25 80 20 25 2.3 4 0 10000 2000.0000 1.0000 100.00 2.9362 0 2500 500.0000 1.0000 100.00 2.9503
SIMPLE randInt 25 10 40 25 2.3 4 0 1250 250.0000 1.0000 100.00 2.9448 0 5000 1000.0000 1.0000 100.00 2.9870
SIMPLE randInt 25 20 40 25 2.3 4 0 2500 500.0000 1.0000 100.00 2.9189 0 5000 1000.0000 1.0000 100.00 2.9330
SIMPLE randInt 25 40 40 25 2.3 4 0 5000 1000.0000 1.0000 100.00 2.9533 0 5000 1000.0000 1.0000 100.00 2.9736
SIMPLE randInt 25 80 40 25 2.3 4 0 10000 2000.0000 1.0000 100.00 2.9149 0 5000 1000.0000 1.0000 100.00 2.9071
SIMPLE randInt 25 10 80 25 2.3 4 0 1250 250.0000 1.0000 100.00 2.9271 0 10000 2000.0000 1.0000 100.00 2.9642
SIMPLE randInt 25 20 80 25 2.3 4 0 2500 500.0000 1.0000 100.00 2.9611 0 10000 2000.0000 1.0000 100.00 2.9964
SIMPLE randInt 25 40 80 25 2.3 4 0 5000 1000.0000 1.0000 100.00 2.9771 0 10000 2000.0000 1.0000 100.00 2.9940
SIMPLE randInt 25 80 80 25 2.3 4 0 10000 2000.0000 1.0000 100.00 2.9246 0 10000 2000.0000 1.0000 100.00 2.9408
CWFR randInt 25 10 10 25 2.3 4 1007 243 48.6000 .1944 19.44 1.8014 0 1250 250.0000 1.0000 100.00 2.9065
CWFR randInt 25 20 10 25 2.3 4 2045 455 91.0000 .1820 18.20 1.7823 0 1250 250.0000 1.0000 100.00 2.9625
CWFR randInt 25 40 10 25 2.3 4 3965 1035 207.0000 .2070 20.70 1.8251 0 1250 250.0000 1.0000 100.00 3.0043
CWFR randInt 25 80 10 25 2.3 4 7941 2059 411.8000 .2059 20.59 1.8194 0 1250 250.0000 1.0000 100.00 2.9764
CWFR randInt 25 10 20 25 2.3 4 1014 236 47.2000 .1888 18.88 1.8054 0 2500 500.0000 1.0000 100.00 2.9664
CWFR randInt 25 20 20 25 2.3 4 2080 420 84.0000 .1680 16.80 1.7641 0 2500 500.0000 1.0000 100.00 2.9406
CWFR randInt 25 40 20 25 2.3 4 4151 849 169.8000 .1698 16.98 1.7740 0 2500 500.0000 1.0000 100.00 2.9424
CWFR randInt 25 80 20 25 2.3 4 8414 1586 317.2000 .1586 15.86 1.7703 0 2500 500.0000 1.0000 100.00 2.9717
CWFR randInt 25 10 40 25 2.3 4 1121 129 25.8000 .1032 10.32 1.6782 0 5000 1000.0000 1.0000 100.00 2.9832
CWFR randInt 25 20 40 25 2.3 4 2246 254 50.8000 .1016 10.16 1.6820 0 5000 1000.0000 1.0000 100.00 2.9400
CWFR randInt 25 40 40 25 2.3 4 4506 494 98.8000 .0988 9.88 1.6713 0 5000 1000.0000 1.0000 100.00 2.9309
CWFR randInt 25 80 40 25 2.3 4 8963 1037 207.4000 .1037 10.37 1.6760 0 5000 1000.0000 1.0000 100.00 2.9991
CWFR randInt 25 10 80 25 2.3 4 1206 44 8.8000 .0352 3.52 1.5915 0 10000 2000.0000 1.0000 100.00 2.9857
CWFR randInt 25 20 80 25 2.3 4 2394 106 21.2000 .0424 4.24 1.6019 0 10000 2000.0000 1.0000 100.00 2.9620
CWFR randInt 25 40 80 25 2.3 4 4765 235 47.0000 .0470 4.70 1.6121 0 10000 2000.0000 1.0000 100.00 3.0038
CWFR randInt 25 80 80 25 2.3 4 9527 473 94.6000 .0473 4.73 1.6004 0 10000 2000.0000 1.0000 100.00 2.9352
SSO_APRX randInt 25 10 10 25 2.3 4 1095 155 31.0000 .1240 12.40 1.8799 813 437 87.4000 .3496 34.96 2.1059
SSO_APRX randInt 25 20 10 25 2.3 4 2225 275 55.0000 .1100 11.00 1.8621 804 446 89.2000 .3568 35.68 2.1274
SSO_APRX randInt 25 40 10 25 2.3 4 4316 684 136.8000 .1368 13.68 1.9088 815 435 87.0000 .3480 34.80 2.1350
SSO_APRX randInt 25 80 10 25 2.3 4 8612 1388 277.6000 .1388 13.88 1.9036 783 467 93.4000 .3736 37.36 2.1596
SSO_APRX randInt 25 10 20 25 2.3 4 989 261 52.2000 .2088 20.88 2.2559 802 1698 339.6000 .6792 67.92 2.6931
SSO_APRX randInt 25 20 20 25 2.3 4 1959 541 108.2000 .2164 21.64 2.2655 792 1708 341.6000 .6832 68.32 2.6540
SSO_APRX randInt 25 40 20 25 2.3 4 3881 1119 223.8000 .2238 22.38 2.2732 785 1715 343.0000 .6860 68.60 2.6426
SSO_APRX randInt 25 80 20 25 2.3 4 7854 2146 429.2000 .2146 21.46 2.2817 815 1685 337.0000 .6740 67.40 2.6647
SSO_APRX randInt 25 10 40 25 2.3 4 884 366 73.2000 .2928 29.28 2.7622 265 4735 947.0000 .9470 94.70 3.1654
SSO_APRX randInt 25 20 40 25 2.3 4 1695 805 161.0000 .3220 32.20 2.8088 255 4745 949.0000 .9490 94.90 3.1288
SSO_APRX randInt 25 40 40 25 2.3 4 3305 1695 339.0000 .3390 33.90 2.8981 279 4721 944.2000 .9442 94.42 3.1605
SSO_APRX randInt 25 80 40 25 2.3 4 6853 3147 629.4000 .3147 31.47 2.7990 244 4756 951.2000 .9512 95.12 3.1879
SSO_APRX randInt 25 10 80 25 2.3 4 671 579 115.8000 .4632 46.32 3.6595 111 9889 1977.8000 .9889 98.89 3.2396
SSO_APRX randInt 25 20 80 25 2.3 4 1321 1179 235.8000 .4716 47.16 3.7098 87 9913 1982.6000 .9913 99.13 3.2708
SSO_APRX randInt 25 40 80 25 2.3 4 2613 2387 477.4000 .4774 47.74 3.7122 98 9902 1980.4000 .9902 99.02 3.3155
SSO_APRX randInt 25 80 80 25 2.3 4 5408 4592 918.4000 .4592 45.92 3.6213 96 9904 1980.8000 .9904 99.04 3.2381
